1.000000000000000000e+00
9.980267284282715590e-01
9.921147013144778759e-01
9.822872507286887211e-01
9.685831611286310761e-01
9.510565162951535312e-01
9.297764858882513472e-01
9.048270524660195768e-01
8.763066800438635839e-01
8.443279255020151863e-01
8.090169943749474513e-01
7.705132427757892533e-01
7.289686274214115524e-01
6.845471059286887261e-01
6.374239897486897455e-01
5.877852522924731371e-01
5.358267949789965456e-01
4.817536741017151569e-01
4.257792915650728260e-01
3.681245526846780858e-01
3.090169943749474513e-01
2.486898871648547393e-01
1.873813145857247398e-01
1.253332335643042583e-01
6.279051952931330449e-02
6.123233995736766036e-17
-6.279051952931317959e-02
-1.253332335643041473e-01
-1.873813145857246010e-01
-2.486898871648548504e-01
-3.090169943749473402e-01
-3.681245526846779748e-01
-4.257792915650727150e-01
-4.817536741017154345e-01
-5.358267949789968787e-01
-5.877852522924730261e-01
-6.374239897486894124e-01
-6.845471059286883930e-01
-7.289686274214113304e-01
-7.705132427757891422e-01
-8.090169943749473402e-01
-8.443279255020150753e-01
-8.763066800438635839e-01
-9.048270524660193548e-01
-9.297764858882513472e-01
-9.510565162951535312e-01
-9.685831611286310761e-01
-9.822872507286887211e-01
-9.921147013144778759e-01
-9.980267284282715590e-01
-1.000000000000000000e+00
-9.980267284282715590e-01
-9.921147013144778759e-01
-9.822872507286887211e-01
-9.685831611286311871e-01
-9.510565162951536422e-01
-9.297764858882514583e-01
-9.048270524660194658e-01
-8.763066800438634729e-01
-8.443279255020151863e-01
-8.090169943749475623e-01
-7.705132427757892533e-01
-7.289686274214115524e-01
-6.845471059286889481e-01
-6.374239897486895234e-01
-5.877852522924732481e-01
-5.358267949789963236e-01
-4.817536741017152679e-01
-4.257792915650721599e-01
-3.681245526846778082e-01
-3.090169943749475623e-01
-2.486898871648552944e-01
-1.873813145857254892e-01
-1.253332335643045914e-01
-6.279051952931409553e-02
-1.836970198721029688e-16
6.279051952931283265e-02
1.253332335643042306e-01
1.873813145857242679e-01
2.486898871648549336e-01
3.090169943749472292e-01
3.681245526846782523e-01
4.257792915650726040e-01
4.817536741017157120e-01
5.358267949789967677e-01
5.877852522924729151e-01
6.374239897486893014e-01
6.845471059286879489e-01
7.289686274214112194e-01
7.705132427757886981e-01
8.090169943749473402e-01
8.443279255020147422e-01
8.763066800438635839e-01
9.048270524660193548e-01
9.297764858882514583e-01
9.510565162951535312e-01
9.685831611286311871e-01
9.822872507286887211e-01
9.921147013144777649e-01
9.980267284282715590e-01
1.000000000000000000e+00
9.980267284282715590e-01
9.921147013144779869e-01
9.822872507286887211e-01
9.685831611286312981e-01
9.510565162951536422e-01
9.297764858882516803e-01
9.048270524660195768e-01
8.763066800438638060e-01
8.443279255020150753e-01
8.090169943749475623e-01
7.705132427757890312e-01
7.289686274214115524e-01
6.845471059286890592e-01
6.374239897486896345e-01
5.877852522924733591e-01
5.358267949789964346e-01
4.817536741017153790e-01
4.257792915650730481e-01
3.681245526846787519e-01
3.090169943749477288e-01
2.486898871648554332e-01
1.873813145857247398e-01
1.253332335643047302e-01
6.279051952931331837e-02
3.061616997868383141e-16
-6.279051952931270775e-02
-1.253332335643041195e-01
-1.873813145857250173e-01
-2.486898871648548226e-01
-3.090169943749471182e-01
-3.681245526846773086e-01
-4.257792915650733256e-01
-4.817536741017156010e-01
-5.358267949789966567e-01
-5.877852522924729151e-01
-6.374239897486905226e-01
-6.845471059286891702e-01
-7.289686274214117745e-01
-7.705132427757892533e-01
-8.090169943749472292e-01
-8.443279255020147422e-01
-8.763066800438630288e-01
-9.048270524660189107e-01
-9.297764858882507921e-01
-9.510565162951534202e-01
-9.685831611286309650e-01
-9.822872507286884991e-01
-9.921147013144776539e-01
-9.980267284282715590e-01
-1.000000000000000000e+00
-9.980267284282715590e-01
-9.921147013144779869e-01
-9.822872507286889432e-01
-9.685831611286310761e-01
-9.510565162951536422e-01
-9.297764858882516803e-01
-9.048270524660200209e-01
-8.763066800438634729e-01
-8.443279255020150753e-01
-8.090169943749476733e-01
-7.705132427757896973e-01
-7.289686274214111084e-01
-6.845471059286883930e-01
-6.374239897486897455e-01
-5.877852522924734702e-01
-5.358267949789957685e-01
-4.817536741017147128e-01
-4.257792915650723820e-01
-3.681245526846780303e-01
-3.090169943749478398e-01
-2.486898871648538234e-01
-1.873813145857257390e-01
-1.253332335643057294e-01
-6.279051952931521963e-02
-4.286263797015736102e-16
6.279051952931259672e-02
1.253332335643031203e-01
1.873813145857231577e-01
2.486898871648547116e-01
3.090169943749470072e-01
3.681245526846771976e-01
4.257792915650716048e-01
4.817536741017139357e-01
5.358267949789965456e-01
5.877852522924728040e-01
6.374239897486890793e-01
6.845471059286878379e-01
7.289686274214116635e-01
7.705132427757891422e-01
8.090169943749471182e-01
8.443279255020146312e-01
8.763066800438639170e-01
9.048270524660195768e-01
9.297764858882513472e-01
9.510565162951534202e-01
9.685831611286309650e-01
9.822872507286888322e-01
9.921147013144778759e-01
9.980267284282715590e-01
1.000000000000000000e+00
9.980267284282715590e-01
9.921147013144777649e-01
9.822872507286886101e-01
9.685831611286316312e-01
9.510565162951537532e-01
9.297764858882516803e-01
9.048270524660200209e-01
8.763066800438643611e-01
8.443279255020160745e-01
8.090169943749476733e-01
7.705132427757898084e-01
7.289686274214123296e-01
6.845471059286898363e-01
6.374239897486898565e-01
5.877852522924735812e-01
5.358267949789973228e-01
4.817536741017163782e-01
4.257792915650724930e-01
3.681245526846781413e-01
3.090169943749479509e-01
2.486898871648556553e-01
1.873813145857241291e-01
1.253332335643040918e-01
6.279051952931356817e-02
5.510910596163089556e-16
-6.279051952931247182e-02
-1.253332335643047579e-01
-1.873813145857247675e-01
-2.486898871648546006e-01
-3.090169943749468962e-01
-3.681245526846787519e-01
-4.257792915650731036e-01
-4.817536741017153790e-01
-5.358267949789964346e-01
-5.877852522924726930e-01
-6.374239897486889683e-01
-6.845471059286877269e-01
-7.289686274214104422e-01
-7.705132427757879210e-01
-8.090169943749471182e-01
-8.443279255020145202e-01
-8.763066800438629178e-01
-9.048270524660187997e-01
-9.297764858882513472e-01
-9.510565162951534202e-01
-9.685831611286308540e-01
-9.822872507286883881e-01
-9.921147013144778759e-01
-9.980267284282715590e-01
-1.000000000000000000e+00
-9.980267284282716700e-01
-9.921147013144779869e-01
-9.822872507286886101e-01
-9.685831611286311871e-01
-9.510565162951531981e-01
-9.297764858882511252e-01
-9.048270524660193548e-01
-8.763066800438635839e-01
-8.443279255020151863e-01
-8.090169943749477843e-01
-7.705132427757899194e-01
-7.289686274214124406e-01
-6.845471059286872828e-01
-6.374239897486885242e-01
-5.877852522924722489e-01
-5.358267949789959905e-01
-4.817536741017149349e-01
-4.257792915650726040e-01
-3.681245526846782523e-01
-3.090169943749480619e-01
-2.486898871648557663e-01
-1.873813145857224916e-01
-1.253332335643024542e-01
-6.279051952931191671e-02
1.102801099869206164e-15
6.279051952931412328e-02
1.253332335643046191e-01
1.873813145857246565e-01
2.486898871648544618e-01
3.090169943749467851e-01
3.681245526846803062e-01
4.257792915650713828e-01
4.817536741017137136e-01
5.358267949789948803e-01
5.877852522924711387e-01
6.374239897486875250e-01
6.845471059286863946e-01
7.289686274214091100e-01
7.705132427757890312e-01
8.090169943749470072e-01
8.443279255020145202e-01
8.763066800438629178e-01
9.048270524660187997e-01
9.297764858882505701e-01
9.510565162951527540e-01
9.685831611286304099e-01
9.822872507286880550e-01
9.921147013144778759e-01
9.980267284282715590e-01
1.000000000000000000e+00
9.980267284282716700e-01
9.921147013144779869e-01
9.822872507286890542e-01
9.685831611286316312e-01
9.510565162951543083e-01
9.297764858882524575e-01
9.048270524660193548e-01
8.763066800438635839e-01
8.443279255020152974e-01
8.090169943749478954e-01
7.705132427757899194e-01
7.289686274214125516e-01
6.845471059286900584e-01
6.374239897486914108e-01
5.877852522924723599e-01
5.358267949789961015e-01
4.817536741017150459e-01
4.257792915650727150e-01
3.681245526846783633e-01
3.090169943749481729e-01
2.486898871648559051e-01
1.873813145857260998e-01
1.253332335643060902e-01
6.279051952931204161e-02
-9.803364199544708184e-16
-6.279051952931399838e-02
-1.253332335643045081e-01
-1.873813145857245455e-01
-2.486898871648543508e-01
-3.090169943749466741e-01
-3.681245526846768645e-01
-4.257792915650744914e-01
-4.817536741017167667e-01
-5.358267949789977669e-01
-5.877852522924739143e-01
-6.374239897486901896e-01
-6.845471059286888371e-01
-7.289686274214114414e-01
-7.705132427757889202e-01
-8.090169943749468962e-01
-8.443279255020162966e-01
-8.763066800438645831e-01
-9.048270524660202430e-01
-9.297764858882505701e-01
-9.510565162951527540e-01
-9.685831611286304099e-01
-9.822872507286880550e-01
-9.921147013144773208e-01
-9.980267284282713369e-01
-1.000000000000000000e+00
-9.980267284282716700e-01
-9.921147013144779869e-01
-9.822872507286890542e-01
-9.685831611286317422e-01
-9.510565162951544194e-01
-9.297764858882524575e-01
-9.048270524660209091e-01
-8.763066800438636950e-01
-8.443279255020154084e-01
-8.090169943749478954e-01
-7.705132427757900304e-01
-7.289686274214126627e-01
-6.845471059286900584e-01
-6.374239897486915218e-01
-5.877852522924752465e-01
-5.358267949789992102e-01
-4.817536741017151014e-01
-4.257792915650728260e-01
-3.681245526846784744e-01
-3.090169943749482839e-01
-2.486898871648560161e-01
-1.873813145857262108e-01
-1.253332335643062012e-01
-6.279051952931570535e-02
-2.694841938760765259e-15
6.279051952931387348e-02
1.253332335643043971e-01
1.873813145857244067e-01
2.486898871648542397e-01
3.090169943749465631e-01
3.681245526846767535e-01
4.257792915650711607e-01
4.817536741017134916e-01
5.358267949789976559e-01
5.877852522924738032e-01
6.374239897486900785e-01
6.845471059286887261e-01
7.289686274214113304e-01
7.705132427757888092e-01
8.090169943749468962e-01
8.443279255020144092e-01
8.763066800438628068e-01
9.048270524660201319e-01
9.297764858882517913e-01
9.510565162951538642e-01
9.685831611286311871e-01
9.822872507286887211e-01
9.921147013144777649e-01
9.980267284282715590e-01
1.000000000000000000e+00
9.980267284282714479e-01
9.921147013144775428e-01
9.822872507286883881e-01
9.685831611286308540e-01
9.510565162951533091e-01
9.297764858882512362e-01
9.048270524660210201e-01
8.763066800438654713e-01
8.443279255020172958e-01
8.090169943749480064e-01
7.705132427757901414e-01
7.289686274214126627e-01
6.845471059286901694e-01
6.374239897486916329e-01
5.877852522924753575e-01
5.358267949789993212e-01
4.817536741017183766e-01
4.257792915650761567e-01
3.681245526846785854e-01
3.090169943749483950e-01
2.486898871648561271e-01
1.873813145857263496e-01
1.253332335643063400e-01
6.279051952931583025e-02
2.817306618675500802e-15
-6.279051952931020975e-02
-1.253332335643042583e-01
-1.873813145857242957e-01
-2.486898871648541010e-01
-3.090169943749463966e-01
-3.681245526846766425e-01
-4.257792915650710497e-01
-4.817536741017134361e-01
-5.358267949789945472e-01
-5.877852522924708056e-01
-6.374239897486899675e-01
-6.845471059286886151e-01
-7.289686274214113304e-01
-7.705132427757888092e-01
-8.090169943749467851e-01
-8.443279255020142982e-01
-8.763066800438626958e-01
-9.048270524660185776e-01
-9.297764858882517913e-01
-9.510565162951537532e-01
-9.685831611286311871e-01
-9.822872507286887211e-01
-9.921147013144777649e-01
-9.980267284282715590e-01
-1.000000000000000000e+00
-9.980267284282716700e-01
-9.921147013144780979e-01
-9.822872507286883881e-01
-9.685831611286308540e-01
-9.510565162951534202e-01
-9.297764858882512362e-01
-9.048270524660195768e-01
-8.763066800438638060e-01
-8.443279255020155194e-01
-8.090169943749481174e-01
-7.705132427757901414e-01
-7.289686274214103312e-01
-6.845471059286877269e-01
-6.374239897486889683e-01
-5.877852522924725820e-01
-5.358267949789964346e-01
-4.817536741017153235e-01
-4.257792915650730481e-01
-3.681245526846820271e-01
-3.090169943749485060e-01
-2.486898871648562381e-01
-1.873813145857264606e-01
-1.253332335643064510e-01
-6.279051952931595515e-02
-2.939771298590235950e-15
6.279051952931008485e-02
1.253332335643006223e-01
1.873813145857206874e-01
2.486898871648539899e-01
3.090169943749462855e-01
3.681245526846765315e-01
4.257792915650709387e-01
4.817536741017133251e-01
5.358267949789944362e-01
5.877852522924706946e-01
6.374239897486871920e-01
6.845471059286859505e-01
7.289686274214112194e-01
7.705132427757886981e-01
8.090169943749466741e-01
8.443279255020142982e-01
8.763066800438626958e-01
9.048270524660185776e-01
9.297764858882504591e-01
9.510565162951526430e-01
9.685831611286311871e-01
9.822872507286886101e-01
9.921147013144777649e-01
9.980267284282715590e-01
1.000000000000000000e+00
9.980267284282716700e-01
9.921147013144780979e-01
9.822872507286891652e-01
9.685831611286317422e-01
9.510565162951534202e-01
9.297764858882513472e-01
9.048270524660195768e-01
8.763066800438638060e-01
8.443279255020155194e-01
8.090169943749461190e-01
7.705132427757902525e-01
7.289686274214104422e-01
6.845471059286903914e-01
6.374239897486890793e-01
5.877852522924755796e-01
5.358267949789964346e-01
4.817536741017185431e-01
4.257792915650731591e-01
3.681245526846755323e-01
3.090169943749486170e-01
2.486898871648529352e-01
1.873813145857265716e-01
1.253332335643030371e-01
6.279051952931608005e-02
-4.904777002955296341e-16
-6.279051952931705149e-02
-1.253332335643040085e-01
-1.873813145857275431e-01
-2.486898871648538789e-01
-3.090169943749495607e-01
-3.681245526846764204e-01
-4.257792915650740473e-01
-4.817536741017132140e-01
-5.358267949789973228e-01
-5.877852522924763568e-01
-6.374239897486897455e-01
-6.845471059286910576e-01
-7.289686274214111084e-01
-7.705132427757909186e-01
-8.090169943749466741e-01
-8.443279255020160745e-01
-8.763066800438625847e-01
-9.048270524660200209e-01
-9.297764858882530126e-01
-9.510565162951537532e-01
-9.685831611286320753e-01
-9.822872507286886101e-01
-9.921147013144782090e-01
-9.980267284282714479e-01
-1.000000000000000000e+00
-9.980267284282716700e-01
-9.921147013144776539e-01
-9.822872507286878330e-01
-9.685831611286309650e-01
-9.510565162951523099e-01
-9.297764858882513472e-01
-9.048270524660181335e-01
-8.763066800438639170e-01
-8.443279255020137430e-01
-8.090169943749482284e-01
-7.705132427757880320e-01
-7.289686274214081108e-01
-6.845471059286930560e-01
-6.374239897486918549e-01
-5.877852522924785772e-01
-5.358267949789995432e-01
-4.817536741017217627e-01
-4.257792915650764898e-01
-3.681245526846789184e-01
-3.090169943749521142e-01
-2.486898871648564879e-01
-1.873813145857302076e-01
-1.253332335643067008e-01
-6.279051952931974379e-02
-3.184700658419706641e-15
6.279051952930629621e-02
1.253332335643003725e-01
1.873813145857239348e-01
2.486898871648503262e-01
3.090169943749460635e-01
3.681245526846729788e-01
4.257792915650707166e-01
4.817536741017099944e-01
5.358267949789942142e-01
5.877852522924676970e-01
6.374239897486869699e-01
6.845471059286883930e-01
7.289686274214085548e-01
7.705132427757885871e-01
8.090169943749444537e-01
8.443279255020140761e-01
8.763066800438608084e-01
9.048270524660184666e-01
9.297764858882490158e-01
9.510565162951525320e-01
9.685831611286310761e-01
9.822872507286879440e-01
9.921147013144777649e-01
9.980267284282712259e-01
1.000000000000000000e+00
9.980267284282718920e-01
9.921147013144780979e-01
9.822872507286898314e-01
9.685831611286318532e-01
9.510565162951535312e-01
9.297764858882526795e-01
9.048270524660196878e-01
8.763066800438656934e-01
8.443279255020157414e-01
8.090169943749503378e-01
7.705132427757903635e-01
7.289686274214154382e-01
6.845471059286905025e-01
6.374239897486891904e-01
5.877852522924758016e-01
5.358267949789966567e-01
4.817536741017187651e-01
4.257792915650733812e-01
3.681245526846823601e-01
3.090169943749488946e-01
2.486898871648531573e-01
1.873813145857268214e-01
1.253332335643032869e-01
6.279051952931631597e-02
-2.455483404660589927e-16
-6.279051952930972402e-02
-1.253332335643037865e-01
-1.873813145857203266e-01
-2.486898871648536291e-01
-3.090169943749493386e-01
-3.681245526846761984e-01
-4.257792915650738252e-01
-4.817536741017129920e-01
-5.358267949789971007e-01
-5.877852522924704726e-01
-6.374239897486896345e-01
-6.845471059286857285e-01
-7.289686274214108863e-01
-7.705132427757906965e-01
-8.090169943749464521e-01
-8.443279255020159635e-01
-8.763066800438624737e-01
-9.048270524660199099e-01
-9.297764858882503480e-01
-9.510565162951536422e-01
-9.685831611286301879e-01
-9.822872507286886101e-01
-9.921147013144782090e-01
-9.980267284282714479e-01
-1.000000000000000000e+00
-9.980267284282716700e-01
-9.921147013144776539e-01
-9.822872507286891652e-01
-9.685831611286309650e-01
-9.510565162951546414e-01
-9.297764858882514583e-01
-9.048270524660182446e-01
-8.763066800438640280e-01
-8.443279255020138541e-01
-8.090169943749483394e-01
-7.705132427757882541e-01
-7.289686274214131068e-01
-6.845471059286880600e-01
-6.374239897486866369e-01
-5.877852522924730261e-01
-5.358267949789937701e-01
-4.817536741017157675e-01
-4.257792915650702725e-01
-3.681245526846791405e-01
-3.090169943749456194e-01
-2.486898871648567377e-01
-1.873813145857234630e-01
-1.253332335642999007e-01
-6.279051952931290204e-02
3.675797339351824527e-15
6.279051952931313796e-02
1.253332335643071727e-01
1.873813145857236850e-01
2.486898871648569598e-01
3.090169943749458414e-01
3.681245526846793625e-01
4.257792915650769339e-01
4.817536741017159896e-01
5.358267949789999873e-01
5.877852522924732481e-01
6.374239897486922990e-01
6.845471059286881710e-01
7.289686274214084438e-01
7.705132427757838132e-01
8.090169943749443426e-01
8.443279255020139651e-01
8.763066800438606974e-01
9.048270524660183556e-01
9.297764858882489047e-01
9.510565162951525320e-01
9.685831611286292997e-01
9.822872507286879440e-01
9.921147013144767657e-01
9.980267284282712259e-01
1.000000000000000000e+00
9.980267284282718920e-01
9.921147013144780979e-01
9.822872507286898314e-01
9.685831611286318532e-01
9.510565162951557516e-01
9.297764858882527905e-01
9.048270524660197989e-01
8.763066800438658044e-01
8.443279255020158525e-01
8.090169943749505599e-01
7.705132427757905855e-01
7.289686274214156603e-01
6.845471059286907245e-01
6.374239897486948525e-01
5.877852522924760237e-01
5.358267949789968787e-01
4.817536741017189872e-01
4.257792915650736032e-01
3.681245526846825822e-01
3.090169943749491166e-01
2.486898871648602904e-01
1.873813145857270712e-01
1.253332335643105866e-01
6.279051952931656577e-02
-6.189806365883577056e-19
-6.279051952930947422e-02
-1.253332335643035367e-01
-1.873813145857200768e-01
-2.486898871648534071e-01
-3.090169943749423442e-01
-3.681245526846759764e-01
-4.257792915650671639e-01
-4.817536741017127699e-01
-5.358267949789968787e-01
-5.877852522924702505e-01
-6.374239897486894124e-01
-6.845471059286855064e-01
-7.289686274214107753e-01
-7.705132427757860336e-01
-8.090169943749463410e-01
-8.443279255020119667e-01
-8.763066800438623627e-01
-9.048270524660197989e-01
-9.297764858882502370e-01
-9.510565162951535312e-01
-9.685831611286301879e-01
-9.822872507286884991e-01
-9.921147013144772098e-01
-9.980267284282714479e-01
-1.000000000000000000e+00
-9.980267284282716700e-01
-9.921147013144776539e-01
-9.822872507286892763e-01
-9.685831611286310761e-01
-9.510565162951546414e-01
-9.297764858882515693e-01
-9.048270524660213532e-01
-8.763066800438641391e-01
-8.443279255020139651e-01
-8.090169943749485615e-01
-7.705132427757883651e-01
-7.289686274214133288e-01
-6.845471059286881710e-01
-6.374239897486922990e-01
-5.877852522924732481e-01
-5.358267949789999873e-01
-4.817536741017159896e-01
-4.257792915650704946e-01
-3.681245526846793625e-01
-3.090169943749458414e-01
-2.486898871648569598e-01
-1.873813145857236850e-01
-1.253332335643071727e-01
-6.279051952931313796e-02
-3.674559378078647628e-15
6.279051952931290204e-02
1.253332335643069506e-01
1.873813145857234630e-01
2.486898871648567377e-01
3.090169943749456194e-01
3.681245526846791405e-01
4.257792915650702725e-01
4.817536741017157675e-01
5.358267949789937701e-01
5.877852522924730261e-01
6.374239897486920770e-01
6.845471059286880600e-01
7.289686274214131068e-01
7.705132427757882541e-01
8.090169943749483394e-01
8.443279255020138541e-01
8.763066800438640280e-01
9.048270524660182446e-01
9.297764858882514583e-01
9.510565162951546414e-01
9.685831611286309650e-01
9.822872507286891652e-01
9.921147013144776539e-01
9.980267284282716700e-01
1.000000000000000000e+00
9.980267284282714479e-01
9.921147013144773208e-01
9.822872507286886101e-01
9.685831611286301879e-01
9.510565162951536422e-01
9.297764858882503480e-01
9.048270524660199099e-01
8.763066800438624737e-01
8.443279255020159635e-01
8.090169943749464521e-01
7.705132427757861446e-01
7.289686274214108863e-01
6.845471059286909465e-01
6.374239897486950746e-01
5.877852522924761347e-01
5.358267949790030960e-01
4.817536741017192092e-01
4.257792915650802645e-01
3.681245526846828042e-01
3.090169943749493386e-01
2.486898871648605125e-01
1.873813145857272933e-01
1.253332335643108364e-01
6.279051952931680169e-02
7.349737736793884494e-15
-6.279051952930922442e-02
-1.253332335642962370e-01
-1.873813145857198548e-01
-2.486898871648531573e-01
-3.090169943749421222e-01
-3.681245526846757543e-01
-4.257792915650669419e-01
-4.817536741017125479e-01
-5.358267949789906615e-01
-5.877852522924700285e-01
-6.374239897486837503e-01
-6.845471059286853954e-01
-7.289686274214105532e-01
-7.705132427757859226e-01
-8.090169943749462300e-01
-8.443279255020118557e-01
-8.763066800438622517e-01
-9.048270524660166902e-01
-9.297764858882501260e-01
-9.510565162951535312e-01
-9.685831611286300769e-01
-9.822872507286884991e-01
-9.921147013144772098e-01
-9.980267284282714479e-01
-1.000000000000000000e+00
-9.980267284282716700e-01
-9.921147013144786531e-01
-9.822872507286892763e-01
-9.685831611286310761e-01
-9.510565162951547524e-01
-9.297764858882516803e-01
-9.048270524660214642e-01
-8.763066800438642501e-01
-8.443279255020179619e-01
-8.090169943749486725e-01
-7.705132427757930280e-01
-7.289686274214134398e-01
-6.845471059286883930e-01
-6.374239897486924100e-01
-5.877852522924733591e-01
-5.358267949790002094e-01
-4.817536741017162116e-01
-4.257792915650771559e-01
-3.681245526846795846e-01
-3.090169943749528358e-01
-2.486898871648572096e-01
-1.873813145857239348e-01
-1.253332335643074225e-01
-6.279051952931338776e-02
-3.919488737908118713e-15
6.279051952931265224e-02
1.253332335642996509e-01
1.873813145857232132e-01
2.486898871648496046e-01
3.090169943749453974e-01
3.681245526846789184e-01
4.257792915650700505e-01
4.817536741017155455e-01
5.358267949789935480e-01
5.877852522924728040e-01
6.374239897486864148e-01
6.845471059286878379e-01
7.289686274214129957e-01
7.705132427757880320e-01
8.090169943749482284e-01
8.443279255020137430e-01
8.763066800438639170e-01
9.048270524660181335e-01
9.297764858882513472e-01
9.510565162951523099e-01
9.685831611286309650e-01
9.822872507286891652e-01
9.921147013144776539e-01
9.980267284282716700e-01
1.000000000000000000e+00
9.980267284282714479e-01
9.921147013144782090e-01
9.822872507286886101e-01
9.685831611286320753e-01
9.510565162951537532e-01
9.297764858882503480e-01
9.048270524660200209e-01
8.763066800438625847e-01
8.443279255020160745e-01
8.090169943749466741e-01
7.705132427757909186e-01
7.289686274214111084e-01
6.845471059286910576e-01
6.374239897486897455e-01
5.877852522924705836e-01
5.358267949789973228e-01
4.817536741017132140e-01
4.257792915650740473e-01
3.681245526846764204e-01
3.090169943749495607e-01
2.486898871648538789e-01
1.873813145857275431e-01
1.253332335643040085e-01
6.279051952930995995e-02
4.892397390223529316e-16
-6.279051952931608005e-02
-1.253332335643030371e-01
-1.873813145857265994e-01
-2.486898871648529352e-01
-3.090169943749486170e-01
-3.681245526846755323e-01
-4.257792915650731591e-01
-4.817536741017185431e-01
-5.358267949789964346e-01
-5.877852522924755796e-01
-6.374239897486890793e-01
-6.845471059286903914e-01
-7.289686274214055572e-01
-7.705132427757857005e-01
-8.090169943749461190e-01
-8.443279255020117446e-01
-8.763066800438621406e-01
-9.048270524660165792e-01
-9.297764858882500150e-01
-9.510565162951511997e-01
-9.685831611286299658e-01
-9.822872507286871668e-01
-9.921147013144772098e-01
-9.980267284282714479e-01
-1.000000000000000000e+00
-9.980267284282717810e-01
-9.921147013144786531e-01
-9.822872507286892763e-01
-9.685831611286329634e-01
-9.510565162951548634e-01
-9.297764858882543448e-01
-9.048270524660215752e-01
-8.763066800438643611e-01
-8.443279255020180729e-01
-8.090169943749487835e-01
-7.705132427757932501e-01
-7.289686274214136619e-01
-6.845471059286937221e-01
-6.374239897486926321e-01
-5.877852522924793544e-01
-5.358267949790004314e-01
-4.817536741017164337e-01
-4.257792915650773780e-01
-3.681245526846798621e-01
-3.090169943749530579e-01
-2.486898871648574316e-01
-1.873813145857311513e-01
-1.253332335643076723e-01
-6.279051952932071523e-02
-4.164418097737589009e-15
6.279051952931240244e-02
1.253332335642994011e-01
1.873813145857229634e-01
2.486898871648493825e-01
3.090169943749451198e-01
3.681245526846720906e-01
4.257792915650698284e-01
4.817536741017153235e-01
5.358267949789934370e-01
5.877852522924725820e-01
6.374239897486861928e-01
6.845471059286877269e-01
7.289686274214078887e-01
7.705132427757879210e-01
8.090169943749438985e-01
8.443279255020136320e-01
8.763066800438638060e-01
9.048270524660180225e-01
9.297764858882513472e-01
9.510565162951523099e-01
9.685831611286308540e-01
9.822872507286877219e-01
9.921147013144776539e-01
9.980267284282712259e-01
