1.000000000000000000e+00
8.090169943749474513e-01
3.090169943749474513e-01
-3.090169943749475623e-01
-8.090169943749473402e-01
-1.000000000000000000e+00
-8.090169943749472292e-01
-3.090169943749475623e-01
3.090169943749472292e-01
8.090169943749473402e-01
1.000000000000000000e+00
8.090169943749475623e-01
3.090169943749468406e-01
-3.090169943749471182e-01
-8.090169943749472292e-01
-1.000000000000000000e+00
-8.090169943749476733e-01
-3.090169943749461190e-01
3.090169943749470072e-01
8.090169943749471182e-01
1.000000000000000000e+00
8.090169943749466741e-01
3.090169943749479509e-01
-3.090169943749468962e-01
-8.090169943749481174e-01
-1.000000000000000000e+00
-8.090169943749477843e-01
-3.090169943749480619e-01
3.090169943749467851e-01
8.090169943749470072e-01
1.000000000000000000e+00
8.090169943749478954e-01
3.090169943749481729e-01
-3.090169943749500603e-01
-8.090169943749490056e-01
-1.000000000000000000e+00
-8.090169943749478954e-01
-3.090169943749482839e-01
3.090169943749465631e-01
8.090169943749468962e-01
1.000000000000000000e+00
8.090169943749458970e-01
3.090169943749450088e-01
-3.090169943749463966e-01
-8.090169943749467851e-01
-1.000000000000000000e+00
-8.090169943749481174e-01
-3.090169943749485060e-01
3.090169943749496717e-01
8.090169943749487835e-01
1.000000000000000000e+00
8.090169943749502268e-01
3.090169943749486170e-01
-3.090169943749495607e-01
-8.090169943749466741e-01
-1.000000000000000000e+00
-8.090169943749482284e-01
-3.090169943749453974e-01
3.090169943749460635e-01
8.090169943749444537e-01
1.000000000000000000e+00
8.090169943749462300e-01
3.090169943749488946e-01
-3.090169943749493386e-01
-8.090169943749464521e-01
-1.000000000000000000e+00
-8.090169943749442316e-01
-3.090169943749456194e-01
3.090169943749526138e-01
8.090169943749485615e-01
1.000000000000000000e+00
8.090169943749505599e-01
3.090169943749491166e-01
-3.090169943749423442e-01
-8.090169943749463410e-01
-1.000000000000000000e+00
-8.090169943749485615e-01
-3.090169943749458414e-01
3.090169943749456194e-01
8.090169943749483394e-01
1.000000000000000000e+00
8.090169943749464521e-01
3.090169943749425663e-01
-3.090169943749488946e-01
-8.090169943749503378e-01
-1.000000000000000000e+00
-8.090169943749486725e-01
-3.090169943749528358e-01
3.090169943749453974e-01
8.090169943749440096e-01
1.000000000000000000e+00
8.090169943749466741e-01
3.090169943749495607e-01
-3.090169943749486170e-01
-8.090169943749461190e-01
-1.000000000000000000e+00
-8.090169943749446757e-01
-3.090169943749462855e-01
3.090169943749518922e-01
8.090169943749481174e-01
1.000000000000000000e+00
8.090169943749467851e-01
3.090169943749565551e-01
-3.090169943749416226e-01
-8.090169943749458970e-01
-1.000000000000000000e+00
-8.090169943749447867e-01
-3.090169943749532799e-01
3.090169943749448977e-01
8.090169943749478954e-01
1.000000000000000000e+00
8.090169943749427883e-01
3.090169943749500603e-01
-3.090169943749481729e-01
-8.090169943749500048e-01
-1.000000000000000000e+00
-8.090169943749491166e-01
-3.090169943749467851e-01
3.090169943749379033e-01
8.090169943749436765e-01
1.000000000000000000e+00
8.090169943749471182e-01
3.090169943749435100e-01
-3.090169943749411785e-01
-8.090169943749456749e-01
-1.000000000000000000e+00
-8.090169943749450088e-01
-3.090169943749402348e-01
3.090169943749444537e-01
8.090169943749476733e-01
1.000000000000000000e+00
8.090169943749430104e-01
3.090169943749369597e-01
-3.090169943749477288e-01
-8.090169943749496717e-01
-1.000000000000000000e+00
-8.090169943749410120e-01
-3.090169943749472292e-01
3.090169943749509485e-01
8.090169943749516701e-01
1.000000000000000000e+00
8.090169943749556669e-01
3.090169943749574988e-01
-3.090169943749407344e-01
-8.090169943749453418e-01
-1.000000000000000000e+00
-8.090169943749536685e-01
-3.090169943749542236e-01
3.090169943749439541e-01
8.090169943749473402e-01
1.000000000000000000e+00
8.090169943749516701e-01
3.090169943749509485e-01
-3.090169943749472292e-01
-8.090169943749493386e-01
-1.000000000000000000e+00
-8.090169943749496717e-01
-3.090169943749477288e-01
3.090169943749505044e-01
8.090169943749514481e-01
1.000000000000000000e+00
8.090169943749476733e-01
3.090169943749444537e-01
-3.090169943749537795e-01
-8.090169943749534465e-01
-1.000000000000000000e+00
-8.090169943749456749e-01
-3.090169943749411785e-01
3.090169943749569992e-01
8.090169943749554449e-01
1.000000000000000000e+00
8.090169943749436765e-01
3.090169943749514481e-01
-3.090169943749467851e-01
-8.090169943749407899e-01
-1.000000000000000000e+00
-8.090169943749500048e-01
-3.090169943749481729e-01
3.090169943749365156e-01
8.090169943749427883e-01
1.000000000000000000e+00
8.090169943749478954e-01
3.090169943749448977e-01
-3.090169943749397907e-01
-8.090169943749447867e-01
-1.000000000000000000e+00
-8.090169943749458970e-01
-3.090169943749416226e-01
3.090169943749430659e-01
8.090169943749467851e-01
1.000000000000000000e+00
8.090169943749438985e-01
3.090169943749384029e-01
-3.090169943749462855e-01
-8.090169943749487835e-01
-1.000000000000000000e+00
-8.090169943749419001e-01
-3.090169943749351278e-01
3.090169943749495607e-01
8.090169943749507819e-01
1.000000000000000000e+00
8.090169943749399017e-01
3.090169943749453974e-01
-3.090169943749528358e-01
-8.090169943749361270e-01
-1.000000000000000000e+00
-8.090169943749545567e-01
-3.090169943749556114e-01
3.090169943749425663e-01
8.090169943749464521e-01
1.000000000000000000e+00
8.090169943749442316e-01
3.090169943749388470e-01
-3.090169943749323522e-01
-8.090169943749401238e-01
-1.000000000000000000e+00
-8.090169943749505599e-01
-3.090169943749491166e-01
3.090169943749491166e-01
8.090169943749505599e-01
1.000000000000000000e+00
8.090169943749401238e-01
3.090169943749322967e-01
-3.090169943749388470e-01
-8.090169943749442316e-01
-1.000000000000000000e+00
-8.090169943749464521e-01
-3.090169943749425663e-01
3.090169943749556114e-01
8.090169943749545567e-01
1.000000000000000000e+00
8.090169943749361270e-01
3.090169943749528358e-01
-3.090169943749453974e-01
-8.090169943749482284e-01
-1.000000000000000000e+00
-8.090169943749592196e-01
-3.090169943749631054e-01
3.090169943749351278e-01
8.090169943749419001e-01
1.000000000000000000e+00
8.090169943749487835e-01
3.090169943749462855e-01
-3.090169943749518922e-01
-8.090169943749522252e-01
-1.000000000000000000e+00
-8.090169943749551118e-01
-3.090169943749565551e-01
3.090169943749416226e-01
8.090169943749458970e-01
1.000000000000000000e+00
8.090169943749447867e-01
3.090169943749397907e-01
-3.090169943749584425e-01
-8.090169943749563330e-01
-1.000000000000000000e+00
-8.090169943749511150e-01
-3.090169943749500048e-01
3.090169943749481729e-01
8.090169943749500048e-01
1.000000000000000000e+00
8.090169943749407899e-01
3.090169943749332404e-01
-3.090169943749649373e-01
-8.090169943749603298e-01
-1.000000000000000000e+00
-8.090169943749471182e-01
-3.090169943749435100e-01
3.090169943749547232e-01
8.090169943749540016e-01
1.000000000000000000e+00
8.090169943749366821e-01
3.090169943749267456e-01
-3.090169943749714876e-01
-8.090169943749476733e-01
-1.000000000000000000e+00
-8.090169943749430104e-01
-3.090169943749369597e-01
3.090169943749612180e-01
8.090169943749579984e-01
1.000000000000000000e+00
8.090169943749326853e-01
3.090169943749742631e-01
-3.090169943749239145e-01
-8.090169943749350168e-01
-1.000000000000000000e+00
-8.090169943749556669e-01
-3.090169943749574988e-01
3.090169943749407344e-01
8.090169943749453418e-01
1.000000000000000000e+00
8.090169943749621062e-01
3.090169943749677683e-01
-3.090169943749304649e-01
-8.090169943749390136e-01
-1.000000000000000000e+00
-8.090169943749516701e-01
-3.090169943749509485e-01
3.090169943749472292e-01
8.090169943749493386e-01
1.000000000000000000e+00
8.090169943749579984e-01
3.090169943749612180e-01
-3.090169943749369597e-01
-8.090169943749430104e-01
-1.000000000000000000e+00
-8.090169943749476733e-01
-3.090169943749444537e-01
3.090169943749537795e-01
8.090169943749534465e-01
1.000000000000000000e+00
8.090169943749540016e-01
3.090169943749546677e-01
-3.090169943749435100e-01
-8.090169943749471182e-01
-1.000000000000000000e+00
-8.090169943749435655e-01
-3.090169943749379033e-01
3.090169943749602743e-01
8.090169943749574433e-01
1.000000000000000000e+00
8.090169943749500048e-01
3.090169943749481729e-01
-3.090169943749500603e-01
-8.090169943749511150e-01
-1.000000000000000000e+00
-8.090169943749395687e-01
-3.090169943749314085e-01
3.090169943749668247e-01
8.090169943749614401e-01
1.000000000000000000e+00
8.090169943749458970e-01
3.090169943749416226e-01
-3.090169943749565551e-01
-8.090169943749551118e-01
-1.000000000000000000e+00
-8.090169943749355719e-01
-3.090169943749248582e-01
3.090169943749733195e-01
8.090169943749487835e-01
1.000000000000000000e+00
8.090169943749419001e-01
3.090169943749351278e-01
-3.090169943749631054e-01
-8.090169943749424553e-01
-1.000000000000000000e+00
-8.090169943749482284e-01
-3.090169943749723758e-01
3.090169943749258019e-01
8.090169943749361270e-01
1.000000000000000000e+00
8.090169943749545567e-01
3.090169943749556114e-01
-3.090169943749425663e-01
-8.090169943749464521e-01
-1.000000000000000000e+00
-8.090169943749608850e-01
-3.090169943749658810e-01
3.090169943749323522e-01
8.090169943749401238e-01
1.000000000000000000e+00
8.090169943749505599e-01
3.090169943749491166e-01
-3.090169943749491166e-01
-8.090169943749505599e-01
-1.000000000000000000e+00
-8.090169943749568882e-01
-3.090169943749593306e-01
3.090169943749388470e-01
8.090169943749442316e-01
1.000000000000000000e+00
8.090169943749464521e-01
3.090169943749425663e-01
-3.090169943749556114e-01
-8.090169943749545567e-01
-1.000000000000000000e+00
-8.090169943749528914e-01
-3.090169943749528358e-01
3.090169943749453974e-01
8.090169943749482284e-01
1.000000000000000000e+00
8.090169943749424553e-01
3.090169943749360715e-01
-3.090169943749621617e-01
-8.090169943749585535e-01
-1.000000000000000000e+00
-8.090169943749487835e-01
-3.090169943749462855e-01
3.090169943749518922e-01
8.090169943749522252e-01
1.000000000000000000e+00
8.090169943749384585e-01
3.090169943749295212e-01
-3.090169943749686565e-01
-8.090169943749626613e-01
-1.000000000000000000e+00
-8.090169943749447867e-01
-3.090169943749397907e-01
3.090169943749584425e-01
8.090169943749563330e-01
1.000000000000000000e+00
8.090169943749343506e-01
3.090169943749230264e-01
-3.090169943749752068e-01
-8.090169943749500048e-01
-1.000000000000000000e+00
-8.090169943749407899e-01
-3.090169943749602743e-01
3.090169943749108694e-01
8.090169943749436765e-01
1.000000000000000000e+00
8.090169943749471182e-01
3.090169943749705439e-01
-3.090169943749547232e-01
-8.090169943749372372e-01
-1.000000000000000000e+00
-8.090169943749534465e-01
-3.090169943749808135e-01
3.090169943749444537e-01
8.090169943749309089e-01
1.000000000000000000e+00
8.090169943749597747e-01
3.090169943749369597e-01
-3.090169943749341841e-01
-8.090169943749579984e-01
-1.000000000000000000e+00
-8.090169943749661030e-01
-3.090169943749472292e-01
3.090169943749239145e-01
8.090169943749516701e-01
1.000000000000000000e+00
8.090169943749390136e-01
3.090169943749574988e-01
-3.090169943749677683e-01
-8.090169943749453418e-01
-1.000000000000000000e+00
-8.090169943749453418e-01
-3.090169943749677128e-01
3.090169943749574988e-01
8.090169943749390136e-01
1.000000000000000000e+00
8.090169943749516701e-01
3.090169943749239145e-01
-3.090169943749472292e-01
-8.090169943749661030e-01
-1.000000000000000000e+00
-8.090169943749579984e-01
-3.090169943749341841e-01
3.090169943749370152e-01
8.090169943749597747e-01
1.000000000000000000e+00
8.090169943749309089e-01
3.090169943749444537e-01
-3.090169943749808135e-01
-8.090169943749534465e-01
-1.000000000000000000e+00
-8.090169943749372372e-01
-3.090169943749546677e-01
3.090169943749705439e-01
8.090169943749471182e-01
1.000000000000000000e+00
8.090169943749435655e-01
3.090169943749108694e-01
-3.090169943749602743e-01
-8.090169943749407899e-01
-1.000000000000000000e+00
-8.090169943749500048e-01
-3.090169943749211390e-01
3.090169943749500603e-01
8.090169943749344617e-01
1.000000000000000000e+00
8.090169943749563330e-01
3.090169943749854764e-01
-3.090169943749397907e-01
-8.090169943749280224e-01
-1.000000000000000000e+00
-8.090169943749626613e-01
-3.090169943749416226e-01
3.090169943749295212e-01
8.090169943749551118e-01
1.000000000000000000e+00
8.090169943749689896e-01
3.090169943749518922e-01
-3.090169943749192516e-01
-8.090169943749487835e-01
-1.000000000000000000e+00
-8.090169943749419001e-01
-3.090169943749621617e-01
3.090169943749631054e-01
8.090169943749424553e-01
1.000000000000000000e+00
8.090169943749482284e-01
3.090169943749723758e-01
-3.090169943749528358e-01
-8.090169943749361270e-01
-1.000000000000000000e+00
-8.090169943749545567e-01
-3.090169943749285775e-01
3.090169943749425663e-01
8.090169943749632164e-01
1.000000000000000000e+00
8.090169943749608850e-01
3.090169943749388470e-01
-3.090169943749323522e-01
-8.090169943749568882e-01
-1.000000000000000000e+00
-8.090169943749337955e-01
-3.090169943749491166e-01
3.090169943749761505e-01
8.090169943749505599e-01
1.000000000000000000e+00
8.090169943749401238e-01
3.090169943749593306e-01
-3.090169943749658810e-01
-8.090169943749442316e-01
-1.000000000000000000e+00
-8.090169943749464521e-01
-3.090169943749155324e-01
3.090169943749556114e-01
8.090169943749713211e-01
1.000000000000000000e+00
8.090169943749528914e-01
3.090169943749258019e-01
-3.090169943749453974e-01
-8.090169943749649928e-01
-1.000000000000000000e+00
-8.090169943749258019e-01
-3.090169943749360715e-01
3.090169943749891956e-01
8.090169943749585535e-01
1.000000000000000000e+00
8.090169943749321302e-01
3.090169943749462855e-01
-3.090169943749789261e-01
-8.090169943749522252e-01
-1.000000000000000000e+00
-8.090169943749384585e-01
-3.090169943749024872e-01
3.090169943749686565e-01
8.090169943749458970e-01
1.000000000000000000e+00
8.090169943749447867e-01
3.090169943749127568e-01
-3.090169943749584425e-01
-8.090169943749729864e-01
-1.000000000000000000e+00
-8.090169943749176973e-01
-3.090169943749230264e-01
3.090169943749481729e-01
8.090169943749666581e-01
1.000000000000000000e+00
8.090169943749240256e-01
3.090169943749332404e-01
-3.090169943749919712e-01
-8.090169943749603298e-01
-1.000000000000000000e+00
-8.090169943749303538e-01
-3.090169943748894421e-01
3.090169943749817572e-01
8.090169943749540016e-01
1.000000000000000000e+00
8.090169943749366821e-01
3.090169943748997117e-01
-3.090169943749174197e-01
-8.090169943749142556e-01
-1.000000000000000000e+00
-8.090169943749764281e-01
-3.090169943749639936e-01
3.090169943749071502e-01
8.090169943749413450e-01
1.000000000000000000e+00
8.090169943749493386e-01
3.090169943749742631e-01
-3.090169943748969361e-01
-8.090169943749350168e-01
-1.000000000000000000e+00
-8.090169943749556669e-01
-3.090169943749845327e-01
3.090169943749407344e-01
8.090169943749286885e-01
1.000000000000000000e+00
8.090169943749621062e-01
3.090169943749947468e-01
-3.090169943749304649e-01
-8.090169943749223602e-01
-1.000000000000000000e+00
-8.090169943749684345e-01
-3.090169943749509485e-01
3.090169943749201953e-01
8.090169943749493386e-01
1.000000000000000000e+00
8.090169943749413450e-01
3.090169943749612180e-01
-3.090169943749099812e-01
-8.090169943749430104e-01
-1.000000000000000000e+00
-8.090169943749476733e-01
-3.090169943749714876e-01
3.090169943749537795e-01
8.090169943749366821e-01
1.000000000000000000e+00
8.090169943749540016e-01
3.090169943749817016e-01
-3.090169943749435100e-01
-8.090169943749303538e-01
-1.000000000000000000e+00
-8.090169943749603298e-01
-3.090169943749379033e-01
3.090169943749332404e-01
8.090169943749574433e-01
1.000000000000000000e+00
8.090169943749666581e-01
3.090169943749481729e-01
-3.090169943749230264e-01
-8.090169943749511150e-01
-1.000000000000000000e+00
-8.090169943749395687e-01
-3.090169943749584425e-01
3.090169943749668247e-01
8.090169943749447867e-01
1.000000000000000000e+00
8.090169943749458970e-01
3.090169943749686565e-01
-3.090169943749565551e-01
-8.090169943749384585e-01
-1.000000000000000000e+00
-8.090169943749522252e-01
-3.090169943749248582e-01
3.090169943749462855e-01
8.090169943749655479e-01
1.000000000000000000e+00
8.090169943749585535e-01
3.090169943749351278e-01
-3.090169943749360715e-01
-8.090169943749592196e-01
-1.000000000000000000e+00
-8.090169943749315751e-01
-3.090169943749453418e-01
3.090169943749798698e-01
8.090169943749528914e-01
1.000000000000000000e+00
8.090169943749379033e-01
3.090169943749556114e-01
-3.090169943749696002e-01
-8.090169943749464521e-01
-1.000000000000000000e+00
-8.090169943749442316e-01
-3.090169943749118131e-01
3.090169943749593862e-01
8.090169943749401238e-01
1.000000000000000000e+00
8.090169943749505599e-01
3.090169943749220827e-01
-3.090169943749491166e-01
-8.090169943749672132e-01
-1.000000000000000000e+00
-8.090169943749234704e-01
-3.090169943749322967e-01
3.090169943749929149e-01
8.090169943749608850e-01
1.000000000000000000e+00
8.090169943749297987e-01
3.090169943749425663e-01
-3.090169943749826453e-01
-8.090169943749545567e-01
-1.000000000000000000e+00
-8.090169943749361270e-01
-3.090169943748987680e-01
3.090169943749724313e-01
8.090169943749482284e-01
1.000000000000000000e+00
8.090169943749424553e-01
3.090169943749090375e-01
-3.090169943749621617e-01
-8.090169943749753179e-01
-1.000000000000000000e+00
-8.090169943749153658e-01
-3.090169943749192516e-01
3.090169943749518922e-01
8.090169943749689896e-01
1.000000000000000000e+00
8.090169943749216941e-01
3.090169943749295212e-01
-3.090169943749956905e-01
-8.090169943749626613e-01
-1.000000000000000000e+00
-8.090169943749280224e-01
-3.090169943748857229e-01
3.090169943749314085e-01
8.090169943749229153e-01
1.000000000000000000e+00
8.090169943749677683e-01
3.090169943749500048e-01
-3.090169943749211390e-01
-8.090169943749165871e-01
-1.000000000000000000e+00
-8.090169943749740966e-01
-3.090169943749602743e-01
3.090169943749108694e-01
8.090169943749436765e-01
1.000000000000000000e+00
8.090169943749471182e-01
3.090169943749705439e-01
-3.090169943749006554e-01
-8.090169943749372372e-01
-1.000000000000000000e+00
-8.090169943749534465e-01
-3.090169943749808135e-01
3.090169943749444537e-01
8.090169943749309089e-01
1.000000000000000000e+00
8.090169943749597747e-01
3.090169943749910275e-01
-3.090169943749341841e-01
-8.090169943749245807e-01
-1.000000000000000000e+00
-8.090169943749661030e-01
-3.090169943749472292e-01
3.090169943749239145e-01
8.090169943749516701e-01
1.000000000000000000e+00
8.090169943749390136e-01
3.090169943749574988e-01
-3.090169943749137005e-01
-8.090169943749453418e-01
-1.000000000000000000e+00
-8.090169943749453418e-01
-3.090169943749677128e-01
3.090169943749574988e-01
8.090169943749390136e-01
1.000000000000000000e+00
8.090169943749516701e-01
3.090169943749779824e-01
-3.090169943749472292e-01
-8.090169943749326853e-01
-1.000000000000000000e+00
-8.090169943749579984e-01
-3.090169943749341841e-01
3.090169943749370152e-01
8.090169943749597747e-01
1.000000000000000000e+00
8.090169943749643267e-01
3.090169943749444537e-01
-3.090169943749267456e-01
-8.090169943749534465e-01
-1.000000000000000000e+00
-8.090169943749372372e-01
-3.090169943749546677e-01
3.090169943749705439e-01
8.090169943749471182e-01
1.000000000000000000e+00
8.090169943749435655e-01
3.090169943749649373e-01
-3.090169943749602743e-01
-8.090169943749407899e-01
-1.000000000000000000e+00
-8.090169943749500048e-01
-3.090169943749211390e-01
3.090169943749500603e-01
8.090169943749677683e-01
1.000000000000000000e+00
8.090169943749563330e-01
3.090169943749314085e-01
-3.090169943749397907e-01
-8.090169943749614401e-01
-1.000000000000000000e+00
-8.090169943749292436e-01
-3.090169943749416226e-01
3.090169943749835890e-01
8.090169943749551118e-01
1.000000000000000000e+00
8.090169943749355719e-01
3.090169943749518922e-01
-3.090169943749733195e-01
-8.090169943749487835e-01
-1.000000000000000000e+00
-8.090169943749419001e-01
-3.090169943749080939e-01
3.090169943749631054e-01
8.090169943749424553e-01
1.000000000000000000e+00
8.090169943749482284e-01
3.090169943749183634e-01
-3.090169943749528358e-01
-8.090169943749695447e-01
-1.000000000000000000e+00
-8.090169943749211390e-01
-3.090169943749285775e-01
3.090169943749966341e-01
8.090169943749632164e-01
1.000000000000000000e+00
8.090169943749274672e-01
3.090169943749388470e-01
-3.090169943749863646e-01
-8.090169943749568882e-01
-1.000000000000000000e+00
-8.090169943749337955e-01
-3.090169943748950487e-01
3.090169943749761505e-01
8.090169943749505599e-01
1.000000000000000000e+00
8.090169943749401238e-01
3.090169943749052628e-01
-3.090169943749658810e-01
-8.090169943749776493e-01
-1.000000000000000000e+00
-8.090169943749130343e-01
-3.090169943749155324e-01
3.090169943749556114e-01
8.090169943749713211e-01
1.000000000000000000e+00
8.090169943749194736e-01
3.090169943749258019e-01
-3.090169943748913295e-01
-8.090169943749315751e-01
-1.000000000000000000e+00
-8.090169943749926373e-01
-3.090169943749360715e-01
3.090169943749351278e-01
8.090169943749252468e-01
1.000000000000000000e+00
8.090169943749321302e-01
3.090169943749462855e-01
-3.090169943749248582e-01
-8.090169943749188075e-01
-1.000000000000000000e+00
-8.090169943749384585e-01
-3.090169943749565551e-01
3.090169943749146442e-01
8.090169943749124792e-01
1.000000000000000000e+00
8.090169943749447867e-01
3.090169943749668247e-01
-3.090169943749043746e-01
-8.090169943749061510e-01
-1.000000000000000000e+00
-8.090169943749511150e-01
-3.090169943749770387e-01
3.090169943748941050e-01
8.090169943749666581e-01
1.000000000000000000e+00
8.090169943749574433e-01
3.090169943749873083e-01
-3.090169943748838355e-01
-8.090169943749603298e-01
-1.000000000000000000e+00
-8.090169943749637715e-01
-3.090169943749975778e-01
3.090169943749817572e-01
8.090169943749540016e-01
1.000000000000000000e+00
8.090169943749700998e-01
3.090169943750077919e-01
-3.090169943749714876e-01
-8.090169943749476733e-01
-1.000000000000000000e+00
-8.090169943749764281e-01
-3.090169943749099257e-01
3.090169943749612180e-01
8.090169943749413450e-01
1.000000000000000000e+00
8.090169943749827564e-01
3.090169943749201953e-01
-3.090169943749509485e-01
-8.090169943749350168e-01
-1.000000000000000000e+00
-8.090169943749222492e-01
-3.090169943749304649e-01
3.090169943749407344e-01
8.090169943749286885e-01
1.000000000000000000e+00
8.090169943749286885e-01
3.090169943749406789e-01
-3.090169943749304649e-01
-8.090169943749223602e-01
-1.000000000000000000e+00
-8.090169943749350168e-01
-3.090169943749509485e-01
3.090169943749201953e-01
8.090169943749827564e-01
1.000000000000000000e+00
8.090169943749413450e-01
3.090169943749612180e-01
-3.090169943749099812e-01
-8.090169943749764281e-01
-1.000000000000000000e+00
-8.090169943749476733e-01
-3.090169943749714876e-01
3.090169943750078474e-01
8.090169943749700998e-01
1.000000000000000000e+00
8.090169943749540016e-01
3.090169943749817016e-01
-3.090169943749975778e-01
-8.090169943749637715e-01
-1.000000000000000000e+00
-8.090169943749603298e-01
-3.090169943748838355e-01
3.090169943749873083e-01
8.090169943749574433e-01
1.000000000000000000e+00
8.090169943749666581e-01
3.090169943748941050e-01
-3.090169943749770942e-01
-8.090169943749511150e-01
-1.000000000000000000e+00
-8.090169943749061510e-01
-3.090169943749043746e-01
3.090169943749668247e-01
8.090169943749447867e-01
1.000000000000000000e+00
8.090169943749124792e-01
3.090169943749145887e-01
-3.090169943749565551e-01
-8.090169943749384585e-01
-1.000000000000000000e+00
-8.090169943749188075e-01
-3.090169943749248582e-01
3.090169943749462855e-01
8.090169943749321302e-01
1.000000000000000000e+00
8.090169943749251358e-01
3.090169943749351278e-01
-3.090169943749360715e-01
-8.090169943749926373e-01
-1.000000000000000000e+00
-8.090169943749315751e-01
-3.090169943749453418e-01
3.090169943749258019e-01
8.090169943749863091e-01
1.000000000000000000e+00
8.090169943749379033e-01
3.090169943749556114e-01
-3.090169943750236681e-01
-8.090169943749798698e-01
-1.000000000000000000e+00
-8.090169943749442316e-01
-3.090169943748577452e-01
3.090169943749053183e-01
8.090169943749067061e-01
1.000000000000000000e+00
8.090169943749505599e-01
3.090169943749761505e-01
-3.090169943748950487e-01
-8.090169943749003778e-01
-1.000000000000000000e+00
-8.090169943749568882e-01
-3.090169943749863646e-01
3.090169943748847792e-01
8.090169943749608850e-01
1.000000000000000000e+00
8.090169943749632164e-01
3.090169943749966341e-01
-3.090169943748745651e-01
-8.090169943749545567e-01
-1.000000000000000000e+00
-8.090169943749695447e-01
-3.090169943750069037e-01
3.090169943749724313e-01
8.090169943749482284e-01
1.000000000000000000e+00
8.090169943749758730e-01
3.090169943750171178e-01
-3.090169943749621617e-01
-8.090169943749419001e-01
-1.000000000000000000e+00
-8.090169943749822012e-01
-3.090169943749192516e-01
3.090169943749518922e-01
8.090169943749355719e-01
1.000000000000000000e+00
8.090169943749216941e-01
3.090169943749295212e-01
-3.090169943749416781e-01
-8.090169943749292436e-01
-1.000000000000000000e+00
-8.090169943749280224e-01
-3.090169943749397907e-01
3.090169943749314085e-01
8.090169943749229153e-01
1.000000000000000000e+00
8.090169943749343506e-01
3.090169943749500048e-01
-3.090169943749211390e-01
-8.090169943749165871e-01
-1.000000000000000000e+00
-8.090169943749407899e-01
-3.090169943749602743e-01
3.090169943749108694e-01
8.090169943749770942e-01
1.000000000000000000e+00
8.090169943749471182e-01
3.090169943749705439e-01
-3.090169943749006554e-01
-8.090169943749706549e-01
-1.000000000000000000e+00
-8.090169943749534465e-01
-3.090169943749807580e-01
3.090169943749985215e-01
8.090169943749643267e-01
